# n_values  n_qbit_values  d2Ndt2_values_1  std_d2Ndt2_values_1  relE_values_1  std_relE_values_1  amp_values_1  std_amp_values_1  d2Ndt2_values_2  std_d2Ndt2_values_2  relE_values_2  std_relE_values_2  amp_values_2  std_amp_values_2  Emin_values  std_Emin_values
6.000000000000000000e+00 6.000000000000000000e+00 -1.271238097454001348e-01 4.966076620603789536e-03 1.914255767257001750e+00 1.261649522571440390e-02 1.593971168826953111e-01 5.836686631685151019e-03 -5.822827863787122249e-01 1.162296866549353963e-02 1.254929271300067484e+00 8.835546054325620069e-03 7.593061068336628416e-01 5.457508049739625416e-03 -2.289496041235887791e+00 6.136285355195680163e-03
6.000000000000000000e+00 8.000000000000000000e+00 -1.512893247618699033e-01 6.463350953281151584e-03 2.023837527292024152e+00 1.374017706020737133e-02 2.613445115391951901e-01 6.221856278972021266e-03 -7.375301690194548954e-01 1.448221408509808503e-02 1.370490153292745150e+00 1.068407607906085056e-02 8.006570871821993007e-01 4.445076599791160377e-03 -2.721356777196838550e+00 7.874718337023675629e-03
6.000000000000000000e+00 1.000000000000000000e+01 -1.939804089935776021e-01 7.551576249889734721e-03 2.157514478296377547e+00 1.562167753677846417e-02 3.168884904695189464e-01 6.466009341936626575e-03 -8.429540471734455753e-01 1.611368640102940272e-02 1.445097575004266499e+00 1.263805698456807111e-02 8.317296667866300730e-01 3.789615029138240082e-03 -3.076857062807660359e+00 9.552297077951169349e-03
6.000000000000000000e+00 1.400000000000000000e+01 -2.489598137348599804e-01 9.911669484324857685e-03 2.441063655279011702e+00 1.773475003326958552e-02 3.726014970026930162e-01 5.866097646263702080e-03 -1.123368465961275708e+00 2.239922207931174455e-02 1.645201905895908867e+00 1.441009489918747104e-02 8.552974463205578193e-01 3.176641387984751545e-03 -3.723764057065561683e+00 1.202611871612115253e-02
6.000000000000000000e+00 1.900000000000000000e+01 -3.235006146540326255e-01 1.372070691994011458e-02 2.713276608244194144e+00 2.137647863790233249e-02 4.154014575084832295e-01 6.015631957961210807e-03 -1.404745986407803571e+00 2.704807449826409499e-02 1.846802326635713420e+00 1.761512193186562034e-02 8.679875055465308131e-01 2.883167479798856309e-03 -4.346683680163477170e+00 1.518477587403313511e-02
6.000000000000000000e+00 2.600000000000000000e+01 -3.984311367203132725e-01 1.547423453463231402e-02 2.996350900212724433e+00 2.363143503689718594e-02 4.573218300132309011e-01 5.858522556010693771e-03 -1.806723636671049960e+00 3.423549008335544097e-02 2.048391314799169471e+00 1.981895350776685313e-02 8.785055390038425394e-01 2.559076800181259766e-03 -5.082928817275078615e+00 1.747903091755678012e-02
6.000000000000000000e+00 3.600000000000000000e+01 -5.868432734734020384e-01 2.408868550955010207e-02 3.521078211558624993e+00 2.859916736546001120e-02 4.642409949619433762e-01 5.759296558325136678e-03 -2.563353937510329583e+00 4.854245111796687273e-02 2.404411284134471583e+00 2.307752871311963966e-02 8.816991381840288966e-01 2.276836516898341368e-03 -6.073570748986668377e+00 2.106075270815213965e-02
6.000000000000000000e+00 4.900000000000000000e+01 -8.329298769219293241e-01 3.098443516187639885e-02 3.988783639063990805e+00 3.295244272539914199e-02 4.882800249344121934e-01 5.594316808121282784e-03 -3.209035395787155132e+00 5.983495026564521896e-02 2.704862755375928351e+00 2.688479265719893527e-02 8.928787055492783953e-01 2.218956055871219770e-03 -7.100158957739643562e+00 2.442765496033667133e-02
6.000000000000000000e+00 6.600000000000000000e+01 -9.691420708678688545e-01 3.851729082429151962e-02 4.465611404226662806e+00 3.780502447686227147e-02 5.120652676827480709e-01 5.486470142861008849e-03 -4.187114252448806972e+00 8.297914057494736040e-02 3.111852577215016069e+00 2.955346320657684794e-02 8.939633070279671134e-01 2.156665140854312039e-03 -8.254497123575722739e+00 2.968592883269288371e-02
6.000000000000000000e+00 8.900000000000000000e+01 -1.397816776253873350e+00 5.238397395986481991e-02 5.064698753041954937e+00 4.497019493738996926e-02 5.221667310173001564e-01 5.522660404326331512e-03 -5.494775031311224467e+00 1.048234765734038371e-01 3.460622577026075231e+00 3.601057733485363288e-02 8.966720881678252875e-01 2.099055190618601477e-03 -9.557987851154408077e+00 3.366055698174857252e-02
6.000000000000000000e+00 1.200000000000000000e+02 -1.949033517204909804e+00 7.487041276770638187e-02 5.902492438512812356e+00 4.712968713821830830e-02 5.208646860969675663e-01 5.244639616742215182e-03 -7.389897100775050909e+00 1.478686894424411369e-01 4.095317328854840788e+00 4.208684743618595209e-02 8.984737110121679970e-01 1.990745074504560869e-03 -1.113542069562086922e+01 4.096892623724071592e-02
6.000000000000000000e+00 1.630000000000000000e+02 -2.417361822844478425e+00 1.001433356547670184e-01 6.715427989904796391e+00 5.735291405442276974e-02 5.364070726216194629e-01 5.150995944967303418e-03 -9.803782418736382454e+00 2.020343411008962142e-01 4.666686554332323489e+00 4.731500347475849771e-02 9.004867456299083806e-01 1.887260206492950539e-03 -1.298556851839587267e+01 4.641539064361433625e-02
6.000000000000000000e+00 2.200000000000000000e+02 -3.491839581240650414e+00 1.425293994453621094e-01 7.535365206892025824e+00 6.587942169784810620e-02 5.537544298966828871e-01 5.069837302702003001e-03 -1.287770005325420186e+01 2.594561946705267186e-01 5.289190476959756637e+00 5.255566280823432274e-02 9.007587760423471090e-01 2.148183062120891454e-03 -1.503432259941670068e+01 5.596877926500955225e-02
6.000000000000000000e+00 2.970000000000000000e+02 -4.305911915866075468e+00 1.695150612890438391e-01 8.717873994063241483e+00 7.436591696623640058e-02 5.598642595569599534e-01 5.097993641899159142e-03 -1.623367381349785887e+01 3.206567273800355333e-01 6.213869423803870085e+00 6.259158920259035030e-02 9.071271375905149981e-01 1.857821380771914168e-03 -1.764154082378087196e+01 6.217950034115932167e-02
6.000000000000000000e+00 4.010000000000000000e+02 -6.483085586177691262e+00 2.607677910823381073e-01 1.012671360706521639e+01 8.863893098422491457e-02 5.522341219082241848e-01 5.128993264715640994e-03 -2.214729484599774523e+01 4.341835374813191595e-01 7.168504190382731345e+00 7.511501190011679596e-02 9.054393404223159969e-01 1.861323295498221392e-03 -2.041614655005174939e+01 7.664986929568801122e-02
6.000000000000000000e+00 5.410000000000000000e+02 -7.969653535717253767e+00 3.231830039159485635e-01 1.185784531790103280e+01 9.885506924253309458e-02 5.550082265484871380e-01 4.843817642257382955e-03 -3.049862786046807628e+01 6.003786515266219537e-01 8.178191200822462648e+00 8.607693872697252946e-02 9.059556014994876172e-01 1.857513769050646605e-03 -2.371349917743301106e+01 8.573963409267726377e-02
6.000000000000000000e+00 7.310000000000000000e+02 -1.147213478481287474e+01 4.346375430628034997e-01 1.336649394793779067e+01 1.171887791402319579e-01 5.649300196314485101e-01 4.916452721181366337e-03 -3.999650921349537924e+01 7.667965728250859536e-01 9.488865621334156231e+00 9.599592701961380536e-02 9.060422918502862855e-01 1.835252282081806588e-03 -2.744090325272611253e+01 9.555739707948239514e-02
6.000000000000000000e+00 9.870000000000000000e+02 -1.556283555293549625e+01 6.032440452792320329e-01 1.567766779038032432e+01 1.421136331459277036e-01 5.635039580799079406e-01 5.151043802970559082e-03 -5.413182783221825645e+01 1.090288548109677347e+00 1.083540738464016684e+01 1.102920996001884868e-01 9.086262128993505272e-01 1.719854557547393714e-03 -3.189829199603103760e+01 1.218663030660204621e-01
6.000000000000000000e+00 1.333000000000000000e+03 -1.934166440205164506e+01 7.603343272223289651e-01 1.826253309714694950e+01 1.650003315320545394e-01 5.633911859302218605e-01 4.969410971269253886e-03 -7.411644019566686836e+01 1.514683704176010393e+00 1.256044384258953528e+01 1.299648651465988292e-01 9.072313720951648008e-01 1.761296123814185769e-03 -3.719193750061580772e+01 1.299031122445601649e-01
6.000000000000000000e+00 1.800000000000000000e+03 -2.828382390853228401e+01 1.089863164425137310e+00 2.100705846149940825e+01 1.777835008398415684e-01 5.699755747971620989e-01 4.918049764238439751e-03 -9.507008667841799365e+01 1.984071074667876466e+00 1.439923635735913265e+01 1.516703884863456475e-01 9.138589485982120397e-01 1.685680667862064861e-03 -4.332714938104990665e+01 1.547391311693116500e-01
