10 10 -0.08765187870115662 0.00351438035846262 2.037461172785939 0.00981599514664828 0.6755311462053039 0.003886229984445039 -0.6473693883005212 0.00959811351313205 1.2614081793559038 0.007384393564475453 0.94449312771205 0.0010022727992917034 -3.7808284352396764 0.006240525882774884
10 13 -0.09891228562979665 0.0039006119160358856 2.1318791887826842 0.01124531638190713 0.7370157474159613 0.003126306982000544 -0.786074070421318 0.011560668308833675 1.3468301885235943 0.007762975477276427 0.9532798732028767 0.0007673443408382775 -4.428563688682886 0.007524281586339105
10 18 -0.12665822415657912 0.0050389537962750265 2.3578468683041627 0.013259735531552328 0.7802837051724589 0.0023786766516138884 -1.009501169460085 0.015705602980716337 1.5319754915897763 0.010001909723092733 0.9594313033784376 0.0006757993549780886 -5.376458060409535 0.009829944118811183
10 24 -0.1602926298994917 0.006554660610651235 2.57135921068077 0.014823195804584214 0.8031247401602386 0.0020391485097221375 -1.2199346065515868 0.017795821793119643 1.6807741732912918 0.011459432848586755 0.964159755011777 0.0005580339234836533 -6.279107638095064 0.011811395184398525
10 33 -0.19287850696286893 0.007685489076645121 2.8404137421320472 0.017459170033695612 0.820065647612228 0.001854409612112596 -1.547749134981512 0.02219315129375836 1.8781490263155634 0.013494849020618644 0.9669037454565264 0.0005048742289356935 -7.404331035508107 0.014936920074952715
10 44 -0.26370359567448814 0.010555053643366131 3.205940266634023 0.01945231406729898 0.8279317787193117 0.0017008224713007415 -1.9534465568051524 0.027986057405838274 2.122730832704492 0.01644800906148325 0.9690080704428864 0.0004645150812350014 -8.638698471221522 0.017525380525474588
10 60 -0.3606965679395288 0.013100100106745196 3.5897680118347797 0.023041381198867575 0.8365631227578059 0.0016028748689440873 -2.4880710459678252 0.034950991780672964 2.4133459502346852 0.017762206870544497 0.970752203668401 0.00040348193110571366 -10.12915143164713 0.02104826636647094
10 81 -0.4710244136003128 0.01864550168633263 4.076147369302301 0.025141255578106744 0.8444057992410855 0.0014421886495538745 -3.274569909867595 0.0478085918136336 2.7155257451826498 0.020495776723215498 0.9718854581732114 0.0003868107299555535 -11.822694308293624 0.024087940486778064
10 110 -0.6148159061856053 0.024465114285016295 4.595272863961698 0.029201498389229814 0.8479748578800788 0.0014461174875881133 -4.235809871667016 0.0659597521127383 3.094101856293306 0.02291845241563626 0.9725740682845073 0.0003990235398951411 -13.821708544207622 0.026990471608995828
10 149 -0.7743040852002578 0.029961636180407775 5.248114555022835 0.033962311150256275 0.8538637525894702 0.0013617640185801768 -5.419226220727921 0.08202195878359947 3.5405599765924074 0.02598438505460025 0.973919287212231 0.00037176570842187057 -16.06818793516902 0.03438883767521838
10 201 -1.0851343963190552 0.04421497784551037 6.0563113286595325 0.040020047659561485 0.8552055356700917 0.0013629635792358407 -7.077206911431652 0.10378513282603445 4.084396866159506 0.03127567707946134 0.9748313997005309 0.00035021669463622125 -18.849809280470517 0.03833945503827723
10 271 -1.4939906271700147 0.05974803448239176 7.0106337216267605 0.04494664460002747 0.8542009640498368 0.0013138206705144361 -9.546818477100976 0.13887745264706283 4.676525193751148 0.03609910563442255 0.9745067857347375 0.00035012120171506637 -21.712528371342575 0.04385738247181586
10 366 -2.0286089094137263 0.07553288325067245 7.8781706593317695 0.054445549005636126 0.8580644584639932 0.0013911121614124788 -12.402254135769565 0.18482133050046817 5.396085652462232 0.041784971056686805 0.974651282096051 0.00035247644925667706 -25.20652161433491 0.05425304163739081
10 495 -2.6938637017948657 0.1081145284697368 9.105788371237304 0.06295935591693101 0.8611116301846731 0.0012948188433456994 -16.423922655859304 0.2634102353487381 6.228354446229284 0.04904769605606587 0.9754433805482077 0.0003464257586405367 -29.46355320698268 0.06432569233053764
10 668 -3.70710053899644 0.15539344074329764 10.582474952157515 0.06996067870073727 0.8587360176651435 0.00139110916185804 -22.441512740431943 0.36436257187271937 7.2598648817204605 0.05813526974224741 0.9748399383179097 0.0003606498293328495 -34.166553845938694 0.07748791504632993
10 902 -4.805593176090515 0.20039098616910717 12.254106803783525 0.0773066112465484 0.860402757263379 0.0013174685599542447 -29.754784822151347 0.45231807255314693 8.272315818479656 0.06522344879837404 0.9752911295173314 0.00035634712156596776 -39.78416813127916 0.08251236074833967
10 1218 -6.534735347690767 0.26325327041187563 14.142890351412683 0.09244432975288194 0.8609643822000517 0.001310701998190634 -38.616347626465405 0.620603334074834 9.795625069335294 0.0747839506193621 0.9760776999449583 0.0003475899820378204 -46.40346578711112 0.10047450444576976
10 1645 -8.634807246589224 0.32092049196976935 16.045616072649636 0.09917445074776009 0.8645781851140746 0.0012386629589971631 -51.10785775411967 0.7755558368504598 11.034787057078686 0.085180124974484 0.9762547603116642 0.000320264146362282 -53.75502485230322 0.11375095056378778
10 2222 -11.924459544222657 0.48591073348269487 18.990497740339542 0.11847768612392982 0.8598215351273425 0.0012889629419422972 -70.50303441965603 1.0923551011262085 12.774880206910446 0.10165103189121424 0.9757697408373451 0.0003297221834808658 -62.42242004603603 0.13366389671835793
10 2999 -16.521757700553476 0.6338831892824606 21.50899464537146 0.13867835141896737 0.8644541738821929 0.0012425944520101557 -91.96766339873409 1.3714545294873135 14.507755896114759 0.11838313499897418 0.9762867555380073 0.00032325300734061235 -72.20663161613447 0.1544205449079228